Gather,0,-10664, 8, 8, 272, 8, 8, 272, 8, 8, 9776, 8, 8, 272, 16, 272, 'delta':8, 'count':1454647
Gather,0, -10664, 8, 280, 8, 280, 8, 9784, 8, 280, 288, 8, 9784, 8, 280, 8, 'delta':8, 'count':1454647
Scatter,0, 192, 192, 192, 192, 192, 192, 192, 192, 192, 192, 192, 192, 192, 192, 192, 'delta':0, 'count':577806
Gather,0, 64, 64, 64, 64, 64, 64, 64, 64, 64, 64, 64, 64, 64, 64, 64, 'delta':8, 'count':231198
Scatter,0, 64, 64, 64, 64, 64, 64, 64, 64, 64, 64, 64, 64, 64, 64, 64, 'delta':8, 'count':167805
Scatter,0, 192, 192, 192, 192, 192, 192, 192, 192, 192, 192, 192, 192, 192, 192, 192, 'delta':64, 'count':128002
Gather,0, 192, 192, 192, 192, 192, 192, 192, 192, 192, 192, 192, 192, 192, 192, 192, 'delta':32, 'count':96360
Gather,0, 192, 192, 192, 192, 192, 192, 192, 192, 192, 192, 192, 192, 192, 192, 192, 'delta':-32, 'count':96360
Gather,0, 192, 192, 192, 192, 192, 192, 192, 192, 192, 192, 192, 192, 192, 192, 192, 'delta':-8, 'count':96186
Scatter,0, 192, 192, 192, 192, 192, 192, 192, 192, 192, 192, 192, 192, 192, 192, 192, 'delta':8, 'count':88011
Gather,0, 8, 8, 8, 8, 8, 8, 8, 8, 8, 8, 8, 8, 8, 8, 8, 'delta':-8, 'count':76794
Gather,0, 8, 8, 8, 8, 8, 8, 8, 8, 8, 8, 8, 8, 8, 8, 8, 'delta':328, 'count':76794
Gather,0, 8, 8, 8, 8, 8, 8, 8, 8, 8, 8, 8, 8, 8, 8, 8, 'delta':8, 'count':1000
Gather,0, 192, 192, 192, 192, 192, 192, 192, 192, 192, 192, 192, 192, 192, 192, 192, 'delta':8, 'count':72270
Gather,0, 48, 48, 48, 48, 48, 48, 48, 48, 48, 48, 48, 48, 48, 48, 48, 'delta':24, 'count':982980
Gather,0, 48, 48, 48, 48, 48, 48, 48, 48, 48, 48, 48, 48, 48, 48, 48, 'delta':-8, 'count':982980
Gather,0, 48, 48, 48, 48, 48, 48, 48, 48, 48, 48, 48, 48, 48, 48, 48, 'delta':-40, 'count':491490
Gather,0,32, 32, 32, 32, 32, 32, 32, 32, 32, 32, 32, 32, 32, 32, 32, 'delta':16, 'count':162012
Gather,0, 32, 32, -96, 160, 32, 32, -96, 160, 32, 32, -96, 160, 32, 32, -96, 'delta':-16, 'count':162012
Gather,0, -48, 16, 16, 80, -48, 16, 16, 80, -48, 16, 16, 80, -48, 16, 16, 'delta':4147264, 'count':161944
Gather,0, 3856, -16, -3856, 32, 3856, -16, -3856, 32, 3856, -16, -3856, 32, 3856, -16, -3856, 'delta':16, 'count':161940
Gather,0, 16, 3856, -16, -3840, 16, 3856, -16, -3840, 16, 3856, -16, -3840, 16, 3856, -16, 'delta':-16, 'count':161900
Gather,0, -3856, 16, 3856, 0, -3856, 16, 3856, 0, -3856, 16, 3856, 0, -3856, 16, 3856, 'delta':3856, 'count':161900
Scatter,0, 32, 32, 32, 32, 32, 32, 32, 32, 32, 32, 32, 32, 32, 32, 32, 'delta':8, 'count':161900
Gather,0, 0, 0, 0, 8, 0, 0, 0, 8, 0, 0, 0, 8, 0, 0, 0, 'delta':-3110784, 'count':121500
Gather,0, 0, 0, 0, 8, 0, 0, 0, 8, 0, 0, 0, 8, 0, 0, 0, 'delta':3110784, 'count':81032
Gather,0, 32, 32, -96, 160, 32, 32, -96, 160, 32, 32, -96, 160, 32, 32, -96, 'delta':32, 'count':81006
Gather,0, 0, 0, 0, 8, 0, 0, 0, 8, 0, 0, 0, 8, 0, 0, 0, 'delta':-15059072, 'count':80994
Gather,0, -48, 16, 16, 80, -48, 16, 16, 80, -48, 16, 16, 80, -48, 16, 16, 'delta':-4147264, 'count':80972
Gather,0, -48, 16, 16, 80, -48, 16, 16, 80, -48, 16, 16, 80, -48, 16, 16, 'delta':8294528, 'count':80972
Gather,0, -3856, 16, 3856, 0, -3856, 16, 3856, 0, -3856, 16, 3856, 0, -3856, 16, 3856, 'delta':3840, 'count':80970
Gather,0, -12, 4, 4, 20, -12, 4, 4, 20, -12, 4, 4, 20, -12, 4, 4, 'delta':1036864, 'count':80950
Gather,0, 0, 0, 0, 8, 0, 0, 0, 8, 0, 0, 0, 8, 0, 0, 0, 'delta':32, 'count':79697
Gather,0, 0, 0, 0, 8, 0, 0, 0, 8, 0, 0, 0, 8, 0, 0, 0, 'delta':3110816, 'count':79674